10370003
10370003,284470004
10370003,426177001
111975006
111975006,164889003
111975006,164889003,164917005
111975006,164889003,164934002
111975006,164889003,164934002,164917005
111975006,164889003,251146004,284470004,284470004
111975006,164889003,284470004,284470004
111975006,164889003,39732003
111975006,164889003,39732003,59931005,164934002
111975006,164889003,59931005
111975006,164889003,59931005,164934002
111975006,164890007
111975006,164917005
111975006,164934002
111975006,164934002,164889003,426177001,59931005
111975006,164934002,164889003,59931005
111975006,164934002,164890007
111975006,164934002,164917005
111975006,164934002,270492004,426177001,59931005,164917005
111975006,164934002,270492004,427393009
111975006,164934002,270492004,59931005
111975006,164934002,284470004,284470004
111975006,164934002,39732003,427393009,59931005
111975006,164934002,426783006
111975006,164934002,427084000
111975006,164934002,59931005
111975006,164934002,59931005,164917005
111975006,251146004
111975006,251146004,164934002
111975006,251146004,164934002,284470004,284470004
111975006,251146004,427393009,164934002
111975006,251146004,59931005,164934002
111975006,270492004
111975006,270492004,164890007
111975006,270492004,164917005
111975006,270492004,164934002
111975006,270492004,164934002,284470004,284470004
111975006,270492004,251146004,164934002
111975006,270492004,251146004,284470004,284470004
111975006,270492004,284470004,284470004
111975006,270492004,39732003
111975006,270492004,39732003,164934002
111975006,270492004,426177001
111975006,270492004,426177001,164934002
111975006,270492004,426177001,284470004,284470004
111975006,270492004,59931005
111975006,270492004,59931005,164917005
111975006,270492004,59931005,164934002
111975006,270492004,59931005,164934002,164917005
111975006,284470004,284470004
111975006,284470004,426783006
111975006,39732003
111975006,39732003,164917005
111975006,39732003,164934002
111975006,39732003,164934002,284470004,284470004
111975006,39732003,426177001
111975006,39732003,426177001,164934002
111975006,39732003,426177001,164934002,284470004,284470004
111975006,39732003,426783006
111975006,39732003,426783006,445118002
111975006,39732003,59931005
111975006,39732003,59931005,164934002
111975006,39732003,59931005,164934002,284470004,284470004
111975006,426177001
111975006,426177001,164934002
111975006,426177001,164934002,164917005
111975006,426177001,164934002,284470004,284470004
111975006,426177001,251146004,164934002
111975006,426177001,284470004,284470004
111975006,426177001,427393009
111975006,426177001,427393009,164934002,164917005
111975006,426177001,59931005,164934002,164917005
111975006,426177001,59931005,427393009
111975006,426783006
111975006,426783006,59931005
111975006,427084000
111975006,427084000,164934002
111975006,427084000,164934002,164917005
111975006,427084000,251146004,164934002
111975006,427084000,284470004,284470004
111975006,427393009
111975006,427393009,164934002
111975006,47665007
111975006,47665007,270492004
111975006,47665007,59931005,164934002,164917005
111975006,59931005
111975006,59931005,164917005
111975006,59931005,164917005,284470004,284470004
111975006,59931005,164934002
111975006,59931005,164934002,164917005
111975006,59931005,164934002,284470004,284470004
164889003
164889003,111975006
164889003,164890007
164889003,164909002
164889003,164909002,39732003
164889003,164917005
164889003,164917005,164934002
164889003,164917005,39732003
164889003,164917005,59931005
164889003,164917005,698252002
164889003,164934002
164889003,164934002,111975006
164889003,164934002,164890007
164889003,164934002,164917005
164889003,164934002,164917005,111975006
164889003,164934002,284470004,284470004
164889003,164934002,39732003
164889003,164934002,39732003,445118002
164889003,164934002,39732003,445118002,713426002
164889003,164934002,59931005
164889003,164934002,59931005,111975006
164889003,164934002,698252002
164889003,164934002,713426002
164889003,251146004
164889003,251146004,164934002
164889003,251146004,39732003
164889003,270492004,39732003,164934002,111975006
164889003,284470004
164889003,284470004,284470004
164889003,39732003
164889003,39732003,111975006
164889003,39732003,164934002
164889003,39732003,164934002,111975006
164889003,39732003,426177001
164889003,39732003,427084000
164889003,39732003,445118002
164889003,39732003,445118002,59931005
164889003,39732003,445118002,713426002
164889003,39732003,445118002,713427006
164889003,39732003,59931005
164889003,39732003,59931005,164934002,164917005
164889003,39732003,713427006
164889003,426177001
164889003,426177001,164934002
164889003,426177001,59931005
164889003,426627000
164889003,426783006
164889003,427084000
164889003,427084000,164934002
164889003,427084000,251146004,284470004,284470004
164889003,427084000,59931005,164934002,164917005
164889003,445118002,713426002
164889003,445118002,713427006
164889003,47665007,713427006
164889003,59931005
164889003,59931005,111975006
164889003,59931005,164890007
164889003,59931005,164934002
164889003,59931005,251146004
164889003,59931005,284470004,284470004
164889003,59931005,698252002
164889003,698252002
164889003,713426002
164889003,713427006
164890007
164890007,111975006
164890007,164934002
164890007,164947007,270492004,426783006
164890007,251146004
164890007,39732003
164890007,427084000
164909002
164909002,111975006,164889003
164909002,111975006,164889003,251146004
164909002,111975006,270492004,164917005
164909002,111975006,270492004,39732003
164909002,164889003
164909002,164889003,39732003
164909002,164889003,39732003,164890007
164909002,164889003,39732003,59931005
164909002,164889003,59931005
164909002,164890007
164909002,164890007,164917005
164909002,164934002
164909002,164947007,270492004,39732003,426783006
164909002,270492004
164909002,270492004,164917005,284470004,284470004
164909002,270492004,284470004,284470004
164909002,270492004,39732003
164909002,270492004,39732003,426177001
164909002,270492004,39732003,426783006
164909002,270492004,39732003,427084000,284470004,284470004
164909002,270492004,39732003,427393009,59931005
164909002,270492004,39732003,59931005
164909002,270492004,426177001
164909002,270492004,426177001,427393009
164909002,270492004,426783006
164909002,270492004,427084000
164909002,270492004,427393009
164909002,270492004,59931005
164909002,284470004
164909002,284470004,284470004
164909002,39732003
164909002,39732003,111975006
164909002,39732003,270492004
164909002,39732003,284470004,284470004
164909002,39732003,426177001
164909002,39732003,426783006
164909002,39732003,427084000
164909002,39732003,427084000,59931005
164909002,39732003,59931005
164909002,426177001
164909002,426177001,164934002
164909002,426177001,59931005
164909002,426177001,59931005,164934002
164909002,426783006
164909002,427084000
164909002,427084000,284470004,284470004
164909002,427393009
164909002,47665007
164909002,59931005
164909002,59931005,164934002
164917005
164917005,111975006
164917005,164934002,164947007,426783006
164917005,164934002,284470004,427084000
164917005,164934002,426783006
164917005,164934002,426783006,445118002
164917005,164934002,426783006,698252002
164917005,164947007,270492004,39732003,426783006,59931005
164917005,164947007,284470004,39732003,426783006,713427006
164917005,164947007,39732003,426783006
164917005,164947007,39732003,426783006,445118002
164917005,164947007,426783006
164917005,270492004,39732003,426783006,445118002
164917005,270492004,39732003,426783006,445118002,59931005
164917005,270492004,426783006
164917005,284470004,426177001
164917005,284470004,426783006
164917005,284470004,426783006,445118002,698252002,713427006
164917005,284470004,426783006,713427006
164917005,284470004,427084000
164917005,39732003,426783006
164917005,39732003,426783006,445118002
164917005,39732003,426783006,698252002
164917005,426177001
164917005,426783006
164917005,426783006,445118002
164917005,426783006,445118002,713426002
164917005,426783006,59931005
164917005,426783006,59931005,698252002
164917005,426783006,698252002
164917005,426783006,713426002
164917005,426783006,713427006
164917005,427084000,445118002
164917005,427084000,47665007,713427006
164917005,427393009
164934002
164934002,111975006
164934002,111975006,284470004,284470004
164934002,164889003,59931005
164934002,164889003,59931005,111975006,284470004
164934002,164889003,59931005,164890007
164934002,164890007
164934002,164890007,111975006
164934002,164890007,164917005
164934002,164890007,284470004,284470004
164934002,164917005
164934002,164917005,111975006
164934002,164917005,164890007
164934002,164917005,164890007,111975006
164934002,164947007,270492004,39732003,426783006,445118002
164934002,164947007,270492004,426783006
164934002,164947007,270492004,426783006,698252002
164934002,164947007,39732003,426783006
164934002,164947007,39732003,426783006,445118002
164934002,164947007,39732003,426783006,445118002,59931005
164934002,164947007,426783006
164934002,251146004
164934002,251146004,270492004,426783006
164934002,251146004,39732003,426783006
164934002,251146004,426783006
164934002,251146004,426783006,59931005
164934002,251146004,59931005
164934002,270492004,164889003,59931005,111975006
164934002,270492004,39732003,426783006
164934002,270492004,426177001
164934002,270492004,426177001,59931005
164934002,270492004,426783006
164934002,270492004,59931005
164934002,284470004
164934002,284470004,284470004
164934002,284470004,39732003,426783006,445118002
164934002,284470004,426783006
164934002,284470004,427084000
164934002,39732003
164934002,39732003,426177001
164934002,39732003,426177001,59931005
164934002,39732003,426783006
164934002,39732003,426783006,445118002
164934002,39732003,426783006,698252002
164934002,39732003,427084000
164934002,39732003,427084000,59931005
164934002,39732003,427393009,59931005
164934002,39732003,59931005
164934002,39732003,59931005,284470004
164934002,39732003,59931005,284470004,284470004
164934002,426177001
164934002,426177001,251146004,59931005
164934002,426177001,426783006,698252002
164934002,426177001,59931005
164934002,426177001,59931005,164917005
164934002,426177001,698252002
164934002,426177001,713426002
164934002,426627000
164934002,426783006
164934002,426783006,427084000
164934002,426783006,427393009
164934002,426783006,445118002
164934002,426783006,59931005
164934002,426783006,698252002
164934002,426783006,713426002
164934002,427084000
164934002,427084000,251146004,59931005
164934002,427084000,59931005
164934002,427084000,59931005,164917005
164934002,427393009
164934002,427393009,164917005
164934002,427393009,445118002
164934002,445118002
164934002,59931005
164934002,59931005,111975006
164934002,59931005,164890007
164934002,59931005,164917005
164934002,59931005,284470004,284470004
164947007,270492004,284470004,39732003,426177001,713427006
164947007,270492004,39732003,426783006
164947007,270492004,39732003,426783006,445118002
164947007,270492004,39732003,426783006,445118002,698252002
164947007,270492004,39732003,426783006,445118002,713427006
164947007,270492004,39732003,426783006,713427006
164947007,270492004,39732003,427393009,445118002
164947007,270492004,426783006
164947007,270492004,426783006,47665007
164947007,270492004,426783006,59931005
164947007,270492004,426783006,698252002
164947007,270492004,426783006,713426002
164947007,270492004,426783006,713427006
164947007,284470004,39732003,426783006,445118002
164947007,284470004,39732003,427084000,445118002
164947007,284470004,39732003,427393009,445118002,713426002
164947007,284470004,426783006
164947007,39732003,426783006
164947007,39732003,426783006,445118002
164947007,39732003,426783006,445118002,713427006
164947007,426177001,426783006
164947007,426783006
164947007,426783006,427084000
164947007,426783006,59931005
164947007,426783006,698252002
164947007,426783006,713426002
164947007,426783006,713427006
251146004
251146004,111975006
251146004,164890007
251146004,164934002
251146004,164934002,111975006
251146004,164934002,111975006,284470004,284470004
251146004,164934002,164890007
251146004,164934002,284470004,284470004
251146004,284470004
251146004,284470004,284470004
251146004,39732003,426177001,426783006
251146004,39732003,426783006
251146004,39732003,426783006,445118002
251146004,426177001,426783006
251146004,426627000
251146004,426783006
251146004,426783006,427084000
251146004,426783006,713426002
251146004,427393009
251146004,59931005
251146004,59931005,164934002
251146004,59931005,164934002,284470004,284470004
270492004
270492004,111975006
270492004,111975006,284470004
270492004,164889003
270492004,164889003,284470004,284470004
270492004,164889003,39732003
270492004,164889003,39732003,284470004,284470004
270492004,164889003,426177001
270492004,164889003,427084000
270492004,164889003,427393009
270492004,164890007
270492004,164909002
270492004,164917005
270492004,164934002
270492004,164934002,111975006
270492004,164934002,164917005
270492004,164934002,284470004
270492004,164934002,284470004,284470004
270492004,251146004
270492004,251146004,284470004,284470004
270492004,284470004
270492004,284470004,284470004
270492004,284470004,426783006,713427006
270492004,39732003
270492004,39732003,111975006
270492004,39732003,164917005
270492004,39732003,164934002
270492004,39732003,164934002,164917005
270492004,39732003,164934002,284470004,284470004
270492004,39732003,284470004,284470004
270492004,39732003,426177001
270492004,39732003,426177001,164934002
270492004,39732003,426783006
270492004,39732003,426783006,445118002
270492004,39732003,426783006,445118002,713426002
270492004,39732003,426783006,713426002
270492004,39732003,426783006,713427006
270492004,39732003,427084000
270492004,39732003,427084000,445118002
270492004,39732003,427084000,59931005
270492004,39732003,427393009
270492004,39732003,427393009,164934002
270492004,426177001
270492004,426177001,111975006
270492004,426177001,164917005
270492004,426177001,164917005,284470004
270492004,426177001,164934002
270492004,426177001,164934002,111975006
270492004,426177001,164934002,284470004,284470004
270492004,426177001,251146004
270492004,426177001,251146004,284470004,284470004
270492004,426177001,284470004,284470004
270492004,426177001,427393009
270492004,426177001,427393009,251146004
270492004,426177001,427393009,59931005
270492004,426177001,59931005
270492004,426177001,59931005,164917005
270492004,426177001,59931005,427393009
270492004,426627000
270492004,426783006
270492004,426783006,445118002
270492004,426783006,698252002
270492004,427084000
270492004,427084000,164934002
270492004,427084000,164934002,284470004,284470004
270492004,427084000,164934002,59931005
270492004,427084000,59931005
270492004,427084000,698252002
270492004,427172004
270492004,427172004,164889003,426627000
270492004,427393009
270492004,427393009,111975006
270492004,427393009,284470004,284470004
270492004,445118002
270492004,59931005
270492004,59931005,111975006
270492004,59931005,164917005,111975006,284470004,284470004
270492004,59931005,164934002
270492004,59931005,164934002,284470004,284470004
284470004
284470004,111975006
284470004,164934002
284470004,270492004,426177001
284470004,284470004
284470004,284470004,284470004
284470004,39732003,426783006
284470004,39732003,426783006,445118002
284470004,39732003,426783006,445118002,713426002
284470004,39732003,426783006,698252002
284470004,39732003,427084000,445118002
284470004,426177001
284470004,426177001,445118002
284470004,426627000
284470004,426783006
284470004,426783006,427084000
284470004,426783006,427084000,698252002
284470004,426783006,427393009
284470004,426783006,698252002
284470004,427084000
284470004,427084000,59931005
284470004,427084000,713426002
284470004,427393009
39732003
39732003,111975006
39732003,111975006,270492004,426177001
39732003,111975006,59931005,164934002
39732003,164889003
39732003,164889003,111975006
39732003,164889003,164890007
39732003,164889003,164934002
39732003,164889003,164934002,164917005
39732003,164889003,426177001,59931005,111975006
39732003,164889003,427084000
39732003,164890007
39732003,164890007,111975006
39732003,164917005
39732003,164917005,111975006
39732003,164917005,111975006,284470004,284470004
39732003,164934002
39732003,164934002,111975006
39732003,164934002,164890007
39732003,164934002,284470004,284470004
39732003,251146004
39732003,251146004,164934002,111975006
39732003,251146004,164934002,164889003
39732003,270492004
39732003,270492004,164889003,426177001,59931005
39732003,270492004,164934002,284470004,284470004
39732003,270492004,426177001
39732003,270492004,427084000
39732003,270492004,427393009
39732003,270492004,59931005,164934002,111975006,284470004,284470004
39732003,284470004,284470004
39732003,426177001
39732003,426177001,164934002
39732003,426177001,164934002,111975006
39732003,426177001,251146004
39732003,426177001,284470004,284470004
39732003,426177001,426783006
39732003,426177001,426783006,445118002
39732003,426177001,427393009
39732003,426177001,427393009,164917005
39732003,426177001,427393009,164934002
39732003,426177001,445118002
39732003,426177001,445118002,698252002
39732003,426177001,445118002,713427006
39732003,426177001,59931005
39732003,426177001,59931005,164934002
39732003,426783006
39732003,426783006,427084000
39732003,426783006,427393009
39732003,426783006,445118002
39732003,426783006,445118002,59931005
39732003,426783006,445118002,698252002
39732003,426783006,445118002,713426002
39732003,426783006,445118002,713427006
39732003,426783006,59931005
39732003,426783006,59931005,698252002
39732003,426783006,698252002
39732003,426783006,713426002
39732003,426783006,713427006
39732003,427084000
39732003,427084000,111975006
39732003,427084000,111975006,284470004,284470004
39732003,427084000,164917005,284470004,284470004
39732003,427084000,164934002
39732003,427084000,164934002,284470004,284470004
39732003,427084000,251146004
39732003,427084000,284470004,284470004
39732003,427084000,445118002
39732003,427084000,59931005
39732003,427084000,59931005,111975006,284470004,284470004
39732003,427393009
39732003,427393009,164917005
39732003,427393009,164934002
39732003,427393009,164934002,164917005
39732003,427393009,445118002
39732003,427393009,59931005
39732003,59931005
39732003,59931005,111975006
39732003,59931005,164917005
39732003,59931005,164934002
39732003,59931005,164934002,111975006
39732003,59931005,284470004,284470004
39732003,59931005,427393009
39732003,713426002
426177001
426177001,111975006
426177001,111975006,284470004,284470004
426177001,164890007
426177001,164890007,284470004,284470004
426177001,164934002
426177001,164934002,111975006
426177001,164934002,164917005
426177001,164934002,164917005,111975006
426177001,164934002,284470004,284470004
426177001,251146004
426177001,251146004,164934002
426177001,251146004,284470004,284470004
426177001,251146004,427393009
426177001,251146004,427393009,164934002
426177001,251146004,427393009,284470004,284470004
426177001,284470004
426177001,284470004,284470004
426177001,426783006
426177001,426783006,698252002
426177001,427393009
426177001,427393009,164934002
426177001,427393009,164934002,164917005
426177001,427393009,284470004,284470004
426177001,427393009,59931005
426177001,427393009,59931005,164934002
426177001,427393009,59931005,164934002,164917005
426177001,445118002
426177001,59931005
426177001,59931005,164890007
426177001,59931005,164917005
426177001,59931005,164934002
426177001,59931005,164934002,111975006
426177001,59931005,164934002,164917005
426177001,59931005,164934002,164917005,111975006
426177001,59931005,251146004
426177001,59931005,284470004,284470004
426177001,59931005,427393009
426177001,59931005,427393009,164934002,284470004,284470004
426177001,698252002
426177001,713426002
426627000
426783006
426783006,427084000
426783006,427084000,47665007
426783006,427393009
426783006,427393009,713426002
426783006,445118002
426783006,445118002,698252002
426783006,445118002,713426002
426783006,445118002,713427006
426783006,47665007
426783006,47665007,698252002
426783006,47665007,713426002
426783006,47665007,713427006
426783006,59931005
426783006,59931005,713426002
426783006,698252002
426783006,698252002,713426002
426783006,713426002
426783006,713427006
427084000
427084000,111975006
427084000,111975006,284470004,284470004
427084000,111975006,47665007
427084000,164889003
427084000,164890007
427084000,164917005
427084000,164917005,111975006
427084000,164917005,284470004,284470004
427084000,164934002
427084000,164934002,111975006
427084000,164934002,164890007,284470004,284470004
427084000,164934002,164917005
427084000,164934002,164917005,164890007
427084000,164934002,164917005,284470004,284470004
427084000,164934002,284470004
427084000,164934002,284470004,284470004
427084000,164934002,39732003
427084000,164934002,47665007
427084000,164934002,59931005,164917005
427084000,251146004
427084000,251146004,164934002
427084000,251146004,164934002,284470004,284470004
427084000,251146004,284470004
427084000,251146004,284470004,284470004
427084000,251146004,59931005,164934002,111975006
427084000,284470004
427084000,284470004,284470004
427084000,39732003
427084000,445118002,713427006
427084000,47665007
427084000,47665007,713427006
427084000,59931005
427084000,59931005,164934002
427084000,59931005,164934002,111975006
427084000,59931005,164934002,164917005
427084000,59931005,164934002,284470004,284470004
427084000,59931005,284470004,284470004
427084000,698252002
427084000,713426002
427172004
427172004,164889003
427172004,284470004
427172004,426627000
427172004,427084000
427172004,713426002,713427006
427393009
427393009,111975006
427393009,164890007,111975006
427393009,164917005
427393009,164934002
427393009,164934002,111975006
427393009,164934002,164917005
427393009,164934002,164917005,284470004,284470004
427393009,164934002,284470004,284470004
427393009,251146004
427393009,251146004,164934002
427393009,284470004,284470004
427393009,47665007
427393009,47665007,713426002
427393009,59931005
427393009,59931005,164917005
427393009,59931005,164934002
427393009,59931005,164934002,164917005
427393009,698252002
445118002
445118002,111975006
445118002,111975006,164889003,164934002
445118002,111975006,164934002
445118002,111975006,270492004
445118002,111975006,284470004,284470004
445118002,111975006,426177001
445118002,111975006,426177001,59931005,164934002
445118002,111975006,427084000
445118002,164889003
445118002,164889003,164934002
445118002,164889003,270492004,164934002,111975006
445118002,164889003,59931005
445118002,164890007
445118002,164909002,270492004,39732003
445118002,164934002
445118002,164934002,111975006
445118002,164934002,164889003,59931005
445118002,164934002,284470004,284470004
445118002,164934002,59931005
445118002,251146004
445118002,270492004
445118002,270492004,164934002
445118002,270492004,284470004,284470004
445118002,270492004,426177001
445118002,270492004,427084000
445118002,284470004,284470004
445118002,426177001
445118002,426177001,164934002
445118002,426177001,164934002,111975006
445118002,426177001,427393009
445118002,427084000
445118002,427084000,164934002
445118002,427084000,284470004,284470004
445118002,427393009,164934002
445118002,59931005
445118002,59931005,164934002
47665007
47665007,111975006
47665007,164889003
47665007,164889003,164934002
47665007,164890007
47665007,164917005
47665007,164917005,111975006
47665007,164934002
47665007,164934002,164890007
47665007,164934002,164917005
47665007,284470004,284470004
47665007,426177001
47665007,427084000
47665007,427393009
47665007,427393009,164934002,111975006
47665007,427393009,59931005
47665007,59931005
47665007,59931005,164934002
59931005
59931005,111975006
59931005,164890007
59931005,164890007,111975006
59931005,164890007,284470004,284470004
59931005,164917005
59931005,164917005,111975006
59931005,164917005,164890007,284470004,284470004
59931005,164934002
59931005,164934002,111975006
59931005,164934002,164889003
59931005,164934002,164890007
59931005,164934002,164917005
59931005,164934002,164917005,111975006
59931005,164934002,164917005,164890007
59931005,164934002,164917005,284470004,284470004
59931005,164934002,284470004,284470004
59931005,164934002,426627000
59931005,251146004
59931005,251146004,164934002
59931005,284470004
59931005,284470004,284470004
59931005,427393009
59931005,698252002
698252002
698252002,111975006
698252002,111975006,164889003
698252002,111975006,164934002
698252002,111975006,164934002,164917005
698252002,111975006,164934002,284470004,284470004
698252002,111975006,39732003,164917005
698252002,111975006,39732003,164934002
698252002,111975006,39732003,164934002,164890007
698252002,111975006,39732003,426177001
698252002,111975006,426177001
698252002,111975006,426177001,164917005
698252002,111975006,59931005
698252002,164889003
698252002,164889003,111975006,164890007
698252002,164889003,164934002
698252002,164889003,164934002,164917005
698252002,164889003,251146004
698252002,164889003,39732003
698252002,164889003,39732003,164934002
698252002,164889003,59931005,164934002,111975006
698252002,164889003,59931005,164934002,164890007,164917005
698252002,164909002
698252002,164909002,111975006,284470004,284470004
698252002,164917005
698252002,164934002
698252002,164934002,111975006
698252002,164934002,164917005
698252002,164934002,164917005,284470004,284470004
698252002,164934002,284470004,284470004
698252002,251146004
698252002,251146004,164934002,164890007
698252002,270492004
698252002,270492004,164917005
698252002,270492004,164934002,284470004,284470004
698252002,270492004,284470004,284470004
698252002,270492004,39732003,426177001,164934002
698252002,270492004,39732003,427393009,164934002,164917005
698252002,270492004,426177001
698252002,270492004,426177001,164934002
698252002,270492004,426177001,59931005,164934002,284470004,284470004
698252002,270492004,427393009
698252002,284470004,284470004
698252002,39732003
698252002,39732003,164934002
698252002,39732003,270492004
698252002,39732003,426177001
698252002,39732003,426177001,284470004,284470004
698252002,39732003,426177001,59931005
698252002,39732003,427084000
698252002,39732003,427393009,164917005
698252002,426177001
698252002,426177001,164890007
698252002,426177001,164917005
698252002,426177001,164934002
698252002,426177001,164934002,164917005
698252002,426177001,284470004,284470004
698252002,426177001,427393009
698252002,426177001,59931005
698252002,426177001,59931005,164934002
698252002,427084000
698252002,427084000,111975006
698252002,427084000,164934002
698252002,427084000,164934002,164917005
698252002,427084000,59931005,164917005
698252002,427393009
698252002,427393009,164934002,164917005
698252002,47665007
698252002,47665007,164934002,59931005,164917005
698252002,47665007,427084000,111975006
698252002,59931005
698252002,59931005,164917005
698252002,59931005,164934002
698252002,59931005,164934002,164917005
698252002,713426002,426177001
713426002
713426002,111975006
713426002,111975006,164889003
713426002,111975006,164889003,164934002
713426002,111975006,164889003,59931005,164934002
713426002,111975006,164890007
713426002,111975006,164934002
713426002,111975006,164934002,164917005
713426002,111975006,270492004
713426002,111975006,270492004,164889003,59931005
713426002,111975006,270492004,164934002
713426002,111975006,270492004,39732003
713426002,111975006,270492004,426177001,164934002
713426002,111975006,284470004,284470004
713426002,111975006,39732003
713426002,111975006,426177001
713426002,111975006,426177001,164934002
713426002,111975006,427084000
713426002,111975006,427393009
713426002,111975006,47665007
713426002,111975006,47665007,164934002
713426002,111975006,59931005,164934002
713426002,111975006,59931005,164934002,284470004,284470004
713426002,164889003
713426002,164889003,111975006
713426002,164889003,164934002
713426002,164889003,164934002,111975006
713426002,164889003,164934002,426627000
713426002,164889003,39732003
713426002,164889003,39732003,59931005,164934002
713426002,164889003,39732003,59931005,164934002,164917005
713426002,164889003,426177001,164934002
713426002,164889003,59931005
713426002,164890007
713426002,164934002
713426002,164934002,164890007
713426002,164934002,164917005
713426002,164934002,284470004,284470004
713426002,164934002,47665007,59931005
713426002,164934002,59931005
713426002,270492004
713426002,270492004,284470004,284470004
713426002,270492004,39732003
713426002,270492004,39732003,59931005
713426002,270492004,426177001
713426002,270492004,426177001,164917005
713426002,270492004,426177001,427393009
713426002,270492004,427084000
713426002,270492004,427393009
713426002,270492004,713427006,426627000
713426002,284470004
713426002,284470004,284470004
713426002,39732003
713426002,39732003,111975006
713426002,39732003,164934002
713426002,39732003,164934002,164917005
713426002,39732003,270492004
713426002,39732003,284470004,284470004
713426002,39732003,426177001
713426002,39732003,426177001,164934002
713426002,39732003,426177001,164934002,164917005
713426002,39732003,426177001,427393009
713426002,39732003,426177001,59931005,164934002,164917005
713426002,39732003,427084000
713426002,39732003,427084000,284470004,284470004
713426002,39732003,59931005,164934002,164890007
713426002,426177001
713426002,426177001,111975006
713426002,426177001,164934002
713426002,426177001,284470004,284470004
713426002,426177001,427393009
713426002,426177001,427393009,164934002
713426002,426177001,59931005
713426002,427084000
713426002,427084000,164934002
713426002,427084000,164934002,284470004,284470004
713426002,427084000,251146004
713426002,427084000,284470004,284470004
713426002,427084000,59931005
713426002,427084000,59931005,164934002
713426002,427393009
713426002,427393009,164934002
713426002,445118002
713426002,445118002,164889003
713426002,445118002,164889003,164934002
713426002,445118002,164934002
713426002,445118002,270492004,427084000
713426002,445118002,427084000
713426002,445118002,427084000,164934002
713426002,445118002,427393009
713426002,445118002,59931005
713426002,47665007,164889003,164934002
713426002,47665007,164934002
713426002,47665007,164934002,164890007
713426002,47665007,270492004,426177001,111975006
713426002,47665007,426177001
713426002,47665007,427084000
713426002,47665007,427084000,164934002
713426002,59931005
713426002,59931005,111975006
713426002,59931005,164890007,284470004,284470004
713426002,59931005,164934002,164917005
713426002,713427006
713426002,713427006,164889003
713426002,713427006,164909002
713426002,713427006,164934002
713426002,713427006,164934002,284470004,284470004
713426002,713427006,270492004,426177001,164934002,284470004,284470004
713426002,713427006,284470004,284470004
713426002,713427006,426627000
713426002,713427006,427084000
713426002,713427006,427084000,59931005,164934002,284470004,284470004
713427006
713427006,164889003
713427006,164889003,164890007
713427006,164889003,59931005,164890007
713427006,164889003,59931005,164934002
713427006,164909002
713427006,164917005
713427006,164917005,164890007
713427006,164934002
713427006,270492004
713427006,270492004,426177001
713427006,270492004,427084000
713427006,284470004
713427006,426177001
713427006,427084000
713427006,59931005,164917005,164890007,111975006
